0.5349	3.1690
0.7586	3.4000
1.0956	3.8615
1.4636	4.3001
1.7569	4.5692
2.8502	4.7744
3.1220	4.9219
4.3039	6.2111
4.3220	6.1511
4.4175	6.2982
5.3103	6.9424
5.3766	7.2489
7.4967	9.1421
8.1823	11.3848
8.4259	11.9842
8.5981	12.1976
8.7569	12.4072
8.9403	12.6537
9.4702	13.1795
9.7068	13.3747
9.8974	13.3510
10.5296	13.9468
10.6840	13.8701
11.1185	14.1885
11.5529	14.4742
13.4751	15.1519
14.7440	16.4299
14.9139	16.6422
15.8517	17.5815
16.4093	18.0722
16.5776	18.3529
16.7777	18.4075
18.4949	20.1568
20.0608	21.6270
21.4615	24.2988
21.4650	24.4187
21.4696	24.3687
21.4747	24.2620
21.5241	24.3897
21.8678	24.8391
22.7009	25.1501
24.1607	25.7798
24.5089	26.0622
24.9782	27.8648
25.3867	28.2746
26.2350	28.7375
26.4731	28.7977
26.6633	29.0180
29.9460	31.5830
30.1851	31.8896
30.5251	32.6951
30.7400	32.9821
30.9843	33.4541
31.3347	33.4699
32.1330	34.2028
32.1984	34.2857
33.1060	34.5597
33.6250	35.5434
37.6553	39.8644
37.6887	40.2342
37.7123	40.1496
37.7377	40.2674
38.6883	41.3395
38.6909	41.4961
38.7954	41.3957
38.8199	41.4864
39.1837	41.6907
41.1811	42.9152
41.5200	43.3183
41.6379	43.6439
41.9578	44.2568
43.2593	44.9987
46.0148	47.5864
46.5505	48.3043
49.7427	51.7577
51.3075	52.9354
52.4389	54.2062
52.5668	54.2842
52.8244	54.4466
54.3019	55.8252
55.4982	57.1503
56.8111	59.0062
56.8519	59.0024
57.2354	59.8525
57.6892	60.8234
59.0400	61.1791
59.7948	61.4592
60.8052	62.3300
62.0275	63.6460
62.3147	64.1087
62.8544	64.6732
62.9064	64.8662
63.0813	65.1336
64.6175	66.2758
65.1117	66.8728
67.3357	69.4878
68.4491	70.5864
68.5876	70.6635
69.5407	71.6358
69.6304	71.9469
70.2088	72.8872
70.4890	73.1253
70.5507	73.0754
71.1214	73.4606
71.4888	73.8767
72.4758	74.1750
73.5273	75.5903
73.7231	75.8441
74.9679	76.6324
76.3128	78.3317
76.4173	78.4407
78.5524	80.0382
79.6741	81.5998
79.7679	81.8932
82.0223	83.9776
82.5382	84.5786
84.3383	86.0256
84.6430	86.3223
85.8792	87.5430
85.9482	87.6351
86.2912	87.9307
86.6391	88.2959
86.9791	89.0489
87.9838	89.6089
89.9095	92.2311
90.4624	93.0116
90.7097	93.4292
91.2285	93.9892
91.3487	94.0343
91.4767	93.9762
92.9566	94.6299
93.7663	95.2599
94.3357	96.5005
94.5520	96.3957
96.7889	98.4992
96.9806	99.1867
97.0990	99.3111
97.3280	99.5604
97.5454	99.8464
97.8888	99.8778
99.1074	101.0699
99.2163	101.2509
99.3052	101.4711
99.8808	101.9409
101.4444	103.2734
102.5922	104.2761
102.7432	104.7184
103.2137	104.7494
103.8307	105.5462
103.8905	105.7458
105.4434	108.0425
105.5681	108.3175
105.8992	108.5465
108.3548	110.1742
109.0772	111.3346
109.2941	111.7738
110.4287	112.2700
110.7653	112.6130
111.9380	113.5259
113.0794	114.9816
113.5518	115.8111
113.8226	115.9644
114.7676	116.8083
114.7756	116.7795
115.0829	117.3906
115.4780	117.9492
115.9096	118.3596
116.1680	118.3664
116.5142	118.7827
116.8617	118.9942
117.3436	119.1467
118.3279	120.2812
118.3856	120.4239
118.8605	120.4393
119.4298	120.9594
120.0366	121.7040
120.6187	122.2093
120.8746	122.4886
121.8115	124.0668
121.9179	124.1322
122.5151	124.7540
123.4986	125.1782
124.4542	126.2432
125.1197	127.0397
125.6633	127.1648
126.2032	127.8598
127.3085	129.0080
128.8915	130.4468
129.2096	131.0920
129.2110	131.1185
130.0050	131.8774
130.0191	131.9357
130.0871	131.9593
131.6838	133.4995
133.6804	135.4265
134.3737	136.4467
135.1419	136.7796
135.8873	137.4625
136.1955	138.4495
136.2966	138.7687
137.1745	139.1038
137.2420	139.1009
138.1260	139.6734
138.7686	140.2264
139.2203	141.0272
139.2904	141.2979
141.4687	143.0622
142.0748	143.7514
142.2389	143.9715
142.4872	144.4075
143.1424	144.6478
143.4404	145.3983
144.1754	146.0755
144.4777	146.8882
144.7324	147.4131
145.1322	147.9909
146.4253	149.2629
146.5517	149.4192
147.4468	149.7580
149.9334	151.8680
149.9622	152.0453
150.4944	152.3864
151.8443	153.5904
154.3206	157.1512
154.7122	157.3567
156.0714	157.5883
156.6732	158.3051
156.7225	158.3238
157.1454	158.8039
160.3882	162.0888
160.7088	162.2227
161.0909	162.8545
161.3583	163.2160
161.5852	163.3287
162.3135	164.3004
162.5679	164.7321
162.6327	164.9363
162.7551	164.9096
163.3459	165.5285
164.7077	167.9466
164.7533	167.9444
165.1591	168.0937
168.9494	170.6077
169.3158	171.3121
169.4229	171.9808
169.4925	172.0664
169.6746	172.4124
169.8692	172.7102
169.9134	172.6679
170.3176	173.1052
170.6953	173.1660
172.1401	173.8986
172.2815	173.9761
172.9876	174.5405
173.5101	175.0440
174.4596	176.3201
174.6871	177.2883
175.6526	179.0314
175.8959	179.1543
176.0214	179.2052
177.5761	179.4277
178.2694	180.5645
178.6179	180.8081
178.7683	181.1672
179.3571	181.5345
181.9311	183.6602
183.2542	184.8843
183.6470	185.5096
184.1532	185.9398
184.6788	186.4521
185.2827	187.0783
186.6230	188.2412
188.0697	190.5409
188.2281	190.5069
188.2760	190.6876
189.4716	191.1705
189.6299	191.5590
189.9569	191.9520
189.9675	191.9339
190.2101	192.0428
191.1433	192.8852
191.1445	192.9452
191.6505	193.3532
192.9780	194.9651
193.0457	195.2749
193.2920	196.1943
193.4171	196.4542
193.5729	196.3882
193.6184	196.5952
193.8920	196.6247
193.9552	196.7833
195.2186	197.1960
195.8046	197.3718
196.1192	198.5132
196.4666	198.5903
198.8270	200.4515
199.2359	200.9730
200.4391	202.6037
200.5258	202.5985
200.8889	203.2529
201.3046	203.6834
201.4021	204.0335
201.5612	204.2602
202.3439	204.8090
203.8544	205.4315
205.5978	207.2730
205.8686	207.6747
206.2698	207.8677
206.6892	208.4306
207.4918	209.1398
208.9986	210.9442
209.1352	211.0370
210.0499	211.7287
211.1546	213.5257
211.1682	213.5312
211.5414	213.5230
212.3633	213.8892
212.8564	214.8445
213.0524	215.1272
215.4681	217.4509
216.0709	218.7820
216.0710	218.5903
216.1436	218.6895
216.1834	218.9499
216.9405	219.4109
217.2623	219.6505
219.3365	221.1237
219.8919	221.4628
220.4451	222.3300
220.5145	222.4925
220.5267	222.6749
220.8982	223.0750
222.7648	225.3947
223.8674	225.4481
225.1855	226.7478
225.6304	227.6812
226.0067	227.7517
228.4791	230.0707
230.8106	232.5994
231.0466	233.9020
231.1044	233.9041
231.2460	234.0389
231.5395	234.4891
232.3092	234.9201
233.5388	235.2210
234.5561	236.1487
234.9444	236.8720
235.0011	237.0361
235.8213	237.8276
237.3966	239.0863
238.1052	239.5202
239.9004	241.9763
241.0948	242.8364
241.2861	243.1686
241.8366	243.5888
242.0627	244.4137
242.1755	244.3220
243.2907	245.0126
243.3550	245.0078
245.1343	246.6045
245.5171	247.1536
245.6447	247.4470
245.9428	247.6277
247.5379	249.6336
247.9142	249.7346
249.8843	252.4346
249.8957	252.5704
250.0321	252.8998
250.8164	253.4739
252.0466	253.6177
252.6387	254.5239
252.6834	254.4388
255.3028	257.4995
256.5927	258.1113
257.7618	261.1868
257.8980	261.2345
257.9551	261.3850
258.9966	261.6908
259.1570	261.7249
259.9262	261.8634
261.6915	263.9219
263.9678	265.6490
264.3323	266.0730
264.5612	266.4830
265.0098	267.0984
267.4898	268.9638
268.5476	270.1335
268.7540	271.4188
269.5564	272.3352
269.6169	272.4663
270.0277	272.8686
270.2451	273.1448
271.8175	273.5913
272.6541	274.2737
273.0523	274.6195
273.4240	275.1257
273.9591	275.5205
274.2673	276.0344
274.3906	275.9675
274.6951	276.4276
275.8412	277.4187
276.3844	278.5907
276.4144	278.4607
276.6276	278.7907
276.8809	279.4297
277.5185	279.9584
277.8473	280.2114
279.5644	281.3504
279.6556	281.3860
279.9530	281.9548
280.1818	282.1529
281.5087	283.2475
281.8090	283.4355
282.1331	283.9864
282.1686	283.8306
283.6935	285.2642
283.9849	285.8294
284.1749	286.2338
284.6560	286.5905
285.7818	287.5622
285.8707	287.4815
286.4651	288.2612
287.9769	289.6933
287.9991	289.9582
288.5171	290.1622
290.7127	292.4453
293.7621	295.4730
293.9283	295.6391
295.5206	297.3094
296.7182	298.4231
296.8895	299.6909
297.2603	299.9029
297.6780	300.0538
298.4754	300.1164
299.1369	300.8439
301.2098	302.8839
301.2620	303.0502
301.9071	303.3644
302.6524	304.2969
303.6387	305.3461
304.6226	306.1492
305.3770	306.8811
305.8489	307.3400
306.4026	308.2702
306.6136	308.9275
306.6479	309.0355
307.0434	309.2440
307.4762	309.1558
308.3653	310.0433
309.6858	311.5576
311.6814	313.1139
313.4022	315.4964
313.7014	316.1614
313.7303	316.3883
314.5933	317.4154
314.7244	317.6783
315.1090	317.9220
315.6189	318.0175
316.9369	318.5965
318.3829	320.0038
319.3994	321.0026
324.2027	326.4774
324.2047	326.5130
324.3352	327.0408
324.8558	327.4796
325.0436	327.8498
325.1972	327.9639
325.7255	327.9230
326.2208	328.2156
327.8175	329.3631
327.9878	329.5697
328.2909	330.3060
328.6215	330.6505
328.6725	330.8013
329.0758	331.1739
329.6863	331.4242
331.0969	332.7303
331.5441	333.2080
331.8706	333.5601
332.1706	333.9469
332.2915	334.2558
332.7815	334.7905
332.8629	335.0663
334.6255	336.1154
335.1037	336.8634
335.3397	337.2025
337.3917	339.0824
340.8243	342.5280
340.9106	342.4580
341.4606	343.0559
341.7863	343.5048
342.0529	343.8588
342.4292	345.1284
342.4879	345.2974
343.0758	345.8134
343.7354	345.9885
344.2329	346.1268
345.1140	346.7849
346.8943	348.6637
347.9500	349.7136
348.8850	350.4546
350.2135	352.1543
350.2384	352.1133
351.1947	353.2558
352.5285	354.2454
354.2174	356.5228
354.2267	356.5850
354.4962	356.8757
354.5691	357.1102
355.3303	357.3185
355.4883	357.3391
356.4287	358.0833
356.8372	358.8515
356.8526	358.9997
357.2015	359.2436
357.3054	359.3444
358.0650	359.7487
359.7177	361.3252
360.4229	362.1406
360.6569	362.5513
361.1975	363.2002
361.6001	363.6804
362.5400	364.2309
364.2400	366.1114
364.3022	366.2587
365.0979	366.7769
365.2251	367.2635
365.5075	367.5422
366.0166	367.9985
366.3500	367.9733
366.9828	368.9881
367.9512	369.8280
368.6979	371.6196
368.7767	372.3281
368.7838	372.3832
369.1451	373.7806
369.1644	373.9445
369.2086	374.0764
369.4578	374.7187
369.5773	375.0574
370.6781	376.2666
370.8425	376.4581
370.9532	376.5222
371.2389	376.7797
371.6096	376.9351
371.7402	376.8525
371.8616	377.0539
373.5356	377.7813
374.4593	378.3130
374.9612	378.5725
375.2268	378.7357
375.2910	378.9248
377.0369	380.0520
377.1561	380.1193
377.7463	380.5543
378.1496	380.8494
378.8800	380.7802
379.5937	381.5328
379.6827	381.7561
380.0742	382.4922
380.4376	383.3095
381.0681	384.8140
381.1658	385.3396
381.1667	385.2084
381.6247	386.4022
382.0356	387.0564
382.2688	387.6109
382.3713	387.7542
382.6163	388.2399
382.6276	388.1760
382.7106	388.3680
382.9758	388.5589
383.4938	389.1445
384.0047	389.9409
384.1359	389.9596
384.5023	390.5321
384.6368	390.6869
384.8975	390.6977
386.2630	391.5908
386.4117	391.8458
386.7319	391.9502
387.0379	392.2828
387.2401	392.3788
389.1095	392.7439
389.1582	392.9855
389.6953	393.0499
390.1165	393.1362
392.1954	393.9421
393.9541	395.8703
394.5020	396.6458
394.8123	397.2526
394.8209	397.1720
395.0077	397.3846
395.9620	397.7932
396.0262	397.9116
396.5632	398.6210
397.8429	399.3032
398.6714	400.6378
398.8003	400.8808
400.0786	401.9772
401.0442	402.6191
401.7454	403.3537
403.7431	405.5306
404.2912	406.1772
404.7383	406.2216
405.7913	407.5543
406.6310	408.4131
408.3714	410.3910
408.9620	411.1834
409.3049	411.7743
409.6444	412.3381
409.7056	412.3857
410.2231	413.0616
411.1828	413.3422
413.1470	414.6951
413.6138	415.1409
415.9294	418.1841
416.0354	418.6127
416.1391	418.5767
416.4307	418.7823
416.8429	419.4648
417.3544	420.3408
418.0338	421.6672
418.0588	421.7187
418.0857	421.8596
418.3754	422.1284
419.3563	422.9206
419.6958	423.4430
420.6836	424.5694
420.7196	424.7628
421.2934	425.4678
421.2980	425.4450
421.2992	425.3415
421.3100	425.3652
421.4247	425.5346
421.8792	425.9420
421.9702	425.8980
422.3292	426.3878
424.7037	428.3494
425.2087	429.1191
426.3289	430.0147
426.6089	430.3196
426.6992	430.4121
427.8317	431.5543
428.1631	431.7933
428.2695	431.9040
429.3490	432.3010
429.9637	432.5630
431.5681	433.5885
431.5842	433.6454
432.2838	433.8708
432.4993	434.0041
432.9136	434.4876
433.8581	436.0142
434.7976	437.8857
436.2648	438.9859
436.4057	439.0280
436.5906	439.3714
437.2834	440.3392
437.4075	440.5615
437.8543	441.1095
438.1587	441.3363
440.1524	442.3579
440.3679	442.4545
441.6992	443.3347
443.0780	444.8892
443.6040	445.5008
443.7456	445.6299
444.8021	446.9978
445.2626	447.1711
445.5354	447.4083
446.7419	449.0877
447.6687	450.6314
447.7071	450.6567
448.4802	451.7104
449.0930	452.7944
449.1695	452.9563
449.4035	453.4931
449.4592	453.4486
450.1929	454.6323
450.4349	455.0056
451.4841	455.8310
451.6043	456.0130
451.7618	456.2256
452.3717	456.4732
452.6226	456.5507
452.6460	456.6881
454.3686	456.9005
454.7179	457.0225
455.4520	457.7275
455.6427	458.0732
456.2140	458.0846
456.8397	458.6504
457.0716	459.1748
458.0238	459.9876
458.0258	459.7763
460.3950	462.0461
463.8941	465.4835
464.2465	466.6499
464.3793	467.1707
464.4355	467.1810
464.8346	467.2374
466.6941	468.5135
466.7760	468.4587
468.4643	470.0759
468.9913	470.6925
471.2006	473.0203
471.8680	473.4343
472.3580	474.4734
472.4773	474.6708
473.9770	475.7007
474.4124	476.0644
475.9581	477.6650
476.3192	478.0666
477.3663	478.8285
477.6352	479.2927
477.8881	479.4684
478.4233	480.2714
480.1198	482.3470
480.2135	482.4419
480.4480	482.5874
480.7909	483.0141
481.0746	483.5234
481.1005	483.5043
482.8858	486.0237
483.3996	486.2861
484.1836	486.8386
484.2781	486.7098
484.7369	487.1186
484.9850	487.5565
485.5014	487.7015
486.1361	488.2320
486.1519	488.2186
487.1295	488.9369
487.7893	489.9569
487.8499	490.0529
488.0640	490.3811
489.7012	491.4336
489.7840	491.6857
490.2557	491.8776
490.8489	493.0845
491.4154	493.4734
492.5646	494.2839
493.1115	494.5929
494.0822	495.9166
494.6598	496.4983
495.3564	497.4525
496.3463	498.0065
497.8068	499.5047
497.9276	499.6235
498.5848	500.2565
498.7693	500.6367
499.0545	501.3005
499.1237	501.5583
499.2063	501.5390
499.3721	501.6968
501.2699	502.8117
501.6055	503.2826
502.0572	503.8390
502.6623	504.9111
502.9804	505.5112
503.2303	506.4722
503.2378	506.5705
503.3715	506.9216
503.6747	507.5775
503.8419	507.7426
504.0305	508.0597
504.3104	508.1964
504.4040	508.3730
504.4488	508.4898
504.6514	508.7502
505.2692	509.2336
505.4727	509.2914
506.2855	509.7874
506.5894	510.1736
508.0901	510.6344
508.5041	510.9919
508.5903	510.9183
509.7687	512.0033
511.3077	513.4598
511.3415	513.7788
512.0638	514.7489
512.7253	514.9653
515.6852	517.9541
515.7271	518.1503
517.8422	519.3777
518.5097	520.3523
519.7095	521.4944
520.9569	522.5847
521.8469	523.6378
522.8195	524.4166
523.1566	524.7297
523.4200	524.8961
523.8579	525.7025
523.8877	525.7974
524.1273	526.5896
524.3418	526.9654
524.3423	526.9588
524.6040	527.3708
524.7223	527.4496
524.7622	527.6134
525.0570	527.6040
527.3063	529.1448
527.4029	529.3662
528.4651	530.2082
529.0059	530.5730
529.9829	531.9463
530.1786	532.1017
532.5513	534.1828
533.2605	534.9869
533.7449	535.2911
534.0413	536.1780
534.9217	536.4241
535.5728	537.0903
535.9374	537.6502
536.2925	538.1844
537.5797	539.8692
537.7701	540.1416
537.8587	540.0976
538.3023	540.4464
538.8725	540.7346
539.4187	541.2148
539.6069	541.3162
540.2181	542.3331
540.5752	542.7596
540.7908	542.8407
541.3883	543.4093
541.4102	543.4814
541.8430	543.7877
542.0104	543.8761
543.3636	544.8165
543.5725	545.2160
543.8310	545.4518
544.7096	546.4354
546.9680	548.4839
548.6894	550.1535
549.6524	551.2184
549.8339	551.3842
550.0919	552.3877
550.1772	552.5585
550.2001	552.6033
550.3335	552.8309
550.8220	552.8008
551.9380	554.0472
552.2716	554.2850
553.0215	554.8386
554.5145	557.4035
554.5975	557.7092
554.9441	558.4201
555.0178	558.3229
555.1610	558.4532
555.8527	558.9542
556.1640	559.1544
556.1769	559.1558
557.8684	559.4076
558.2723	560.2879
558.4322	560.7287
558.4500	560.6893
559.1882	561.9385
559.2431	562.0913
559.5972	562.6119
560.9041	563.0206
562.1927	564.6510
562.1944	564.6302
562.2883	565.1342
562.9012	565.8934
563.3382	566.0512
564.6503	566.6757
564.8252	566.7781
565.6245	567.1927
566.2653	568.0992
566.4496	568.2014
567.6252	569.4128
567.7692	569.8516
567.8928	569.8565
569.7433	571.5139
571.3967	573.5234
571.4139	573.5250
571.4257	573.4318
572.3972	573.9746
573.3436	574.8641
573.7670	575.6449
574.4068	575.8911
574.6100	576.4434
576.4688	577.9601
577.5997	579.6016
579.6356	581.2215
579.6947	581.3040
582.4350	584.0882
583.4070	585.2726
583.4267	585.2324
583.9090	585.3806
585.3118	586.9596
585.9521	587.5627
586.1627	587.9746
586.5546	588.7748
586.6016	588.7791
587.4760	589.4888
587.5089	589.7579
587.8921	590.7022
588.3452	590.9341
589.1611	591.6038
589.5028	591.5131
589.5668	591.7786
590.7401	592.2630
591.0155	592.6676
592.1339	593.8079
593.6046	595.5004
596.6344	598.2901
597.1902	599.2199
597.8660	600.7732
598.0373	601.0347
599.1526	602.5975
599.9055	603.4921
599.9634	603.4568
600.1896	603.6665
600.4332	603.9820
601.1446	604.7362
601.8467	605.4132
602.6757	606.0594
602.7199	606.1248
603.0311	606.3479
603.1493	606.3825
603.2698	606.3827
606.1175	607.7864
606.8123	608.3087
607.7199	609.2648
609.1608	610.8071
610.8648	612.8763
611.2608	613.4874
611.3701	613.5729
612.2055	613.8710
612.6462	614.5935
612.8324	614.6616
614.5629	616.2527
614.8623	616.3334
615.0827	616.6222
615.3115	617.0632
616.0362	618.0210
616.0952	617.9971
616.8522	618.9018
617.5310	619.2631
617.5379	619.3373
618.0625	619.6364
618.1695	620.0699
619.4159	622.0365
621.1588	624.0085
621.3601	624.2331
621.9573	624.7382
622.4851	625.1328
622.8470	625.3155
622.9922	625.2230
623.9490	625.6186
624.4429	626.2904
625.7459	628.3808
625.9215	628.8274
626.0574	629.2136
626.1385	629.2847
626.2386	629.4753
626.5866	629.5547
627.1624	629.9381
627.2882	630.0638
628.3987	631.2624
628.6356	631.3149
629.0177	631.7327
629.2826	632.0317
629.6350	632.1380
629.6553	632.1721
629.8780	632.4763
630.4547	632.4053
630.8176	632.7966
632.2892	633.8914
632.5940	634.6450
632.6757	634.6473
632.9680	635.1136
634.8332	636.4891
635.0363	636.5834
635.2767	637.0758
635.8665	637.7606
635.8986	637.9995
636.1052	638.5183
637.0317	640.1842
637.0618	640.3476
637.1443	640.2261
639.0240	642.1924
639.1683	642.3843
639.7850	642.8168
640.9407	643.5948
641.5030	644.1149
641.5804	644.1328
642.2930	644.6752
642.4434	644.5668
643.0208	644.9702
643.1711	644.9315
643.6953	646.4171
643.7359	646.4273
644.1282	646.7640
644.2236	646.9477
644.9380	647.0438
645.8504	647.5075
646.4185	648.1939
647.3399	649.1178
647.8987	649.5445
648.0388	649.8706
648.2945	650.3778
648.6856	650.4025
649.8823	652.1492
650.5491	652.4964
651.6326	653.6388
652.4126	654.0587
652.5971	654.1405
652.8217	654.6706
654.1245	656.1312
655.4953	657.0138
656.0154	657.5979
657.5566	659.3346
659.4642	661.0747
660.4179	662.5785
660.5740	662.8213
660.5851	662.8085
662.0515	663.6351
662.9503	664.4963
665.6193	667.4248
665.7699	667.7182
665.9956	667.6045
668.1575	669.7486
670.2385	671.7563
670.5392	672.3744
672.8412	675.1204
672.8599	675.1615
673.1630	675.7640
673.1934	675.7188
673.6847	676.4585
673.8153	676.8774
673.8229	676.8534
674.8538	677.1499
676.5994	678.1494
679.8577	681.3596
680.5031	682.1857
680.6486	682.3026
681.1171	682.8799
681.3714	683.5291
681.7284	683.7406
681.8303	683.9257
682.3169	684.7814
682.5415	685.0566
682.6201	685.1647
682.9618	685.6131
683.4282	686.0368
683.6708	686.1635
683.8288	686.5127
684.1000	686.4756
685.9698	687.7709
686.7116	688.4572
687.1753	689.3424
687.5507	689.4025
687.5582	689.4295
688.5922	690.0641
689.3580	691.8222
689.5065	692.0397
690.6572	692.2127
690.9094	692.7089
691.1799	693.5657
691.6231	693.8003
692.2624	694.8906
692.3841	694.9338
692.7764	695.2244
693.6752	695.9867
693.7733	696.3452
693.7901	696.2339
693.8460	696.2963
695.8208	697.4663
696.2707	697.9244
697.5273	698.9771
697.9706	699.7549
698.7553	700.3568
699.8922	702.2452
700.4719	702.7329
700.6345	703.0383
700.8151	703.1071
701.9947	703.5419
702.4418	705.0301
702.4458	704.9496
702.4603	705.0969
702.5698	704.9677
703.6662	705.4183
703.7112	705.4931
704.2633	705.7409
705.1389	707.2324
705.2325	707.7922
705.2431	707.6423
707.2527	708.9115
707.6714	709.4178
707.8628	710.0114
708.0493	710.3005
708.0940	710.1052
708.5000	710.7477
708.5927	710.8293
709.3676	711.1944
709.6332	711.3377
710.3264	711.8455
710.7201	712.3204
711.0112	713.0064
711.0926	713.1594
711.4257	713.4104
713.2801	714.8406
713.7794	716.2432
713.8304	716.3983
713.8957	716.5198
715.6838	717.4647
716.3559	718.9967
716.8066	719.1969
717.1653	719.5195
717.9834	720.7626
718.2053	721.4296
718.5098	721.9471
718.6174	722.0482
718.6762	722.2192
718.7586	722.3027
719.7500	722.7574
720.1545	723.1303
720.6316	723.3542
720.9443	723.4100
721.5506	723.8513
721.8872	724.1669
722.6609	724.8856
723.0270	725.1704
725.0476	727.0655
725.2035	727.2955
725.4974	727.7152
726.8377	728.4017
726.9440	729.0172
727.3909	729.6573
729.0020	730.9889
730.1439	731.8588
730.4836	732.8880
730.7705	733.9307
730.7776	733.7573
730.8020	733.9724
731.0988	734.0310
731.7936	734.4790
732.6918	734.9735
733.5120	735.4614
733.8410	735.6752
734.9111	737.1809
734.9763	737.2749
735.1122	737.7122
735.1570	737.6514
735.4581	738.0012
735.9487	738.4676
737.0827	739.1948
737.8341	739.4484
738.5633	740.0149
739.8563	741.6592
740.5928	742.5618
740.6651	742.5935
740.8983	742.8960
741.6704	743.0853
741.8872	743.4415
743.0219	744.6884
744.3313	746.5127
744.3649	746.4858
744.4380	746.5267
746.1281	747.9166
746.6796	749.0429
747.9432	749.7642
748.4255	750.1592
749.1743	750.8094
750.2635	751.9940
750.8285	752.8092
750.8323	752.6576
751.1446	752.8153
751.6340	753.2949
754.1258	757.4122
754.7382	757.7734
756.1101	758.3287
756.2096	758.3863
756.5732	758.3718
757.2613	758.9255
757.4962	759.1859
757.5716	759.2700
758.3993	759.9987
759.1490	760.7271
759.6572	761.9133
759.7033	761.8737
760.3180	762.9036
760.3798	762.8206
760.5251	763.0220
763.1878	764.7319
764.2194	765.8448
764.8198	766.4431
765.3757	767.8093
765.6774	768.4819
766.3067	768.8830
767.9119	769.6702
768.0558	769.8399
768.3224	770.9803
768.4777	771.5538
768.5942	771.8942
768.9985	772.4538
769.2362	772.8242
769.5903	773.4011
769.5917	773.1873
770.6919	774.4591
770.8343	774.7365
771.8589	776.3884
771.9445	776.3729
772.3460	777.5880
772.3661	777.5882
772.6947	778.2030
772.7995	778.3304
772.8075	778.2883
772.9851	778.4650
773.5298	779.2491
773.9369	779.8811
774.6288	780.3939
775.2144	781.0475
775.6682	781.5374
775.8474	781.6287
775.9960	781.7320
776.9165	782.6417
777.0890	782.8900
777.4218	783.4841
777.6249	783.4932
777.8692	783.9547
778.0523	784.1497
778.5137	784.7272
778.5178	784.4573
778.5762	784.7162
779.5601	785.6917
779.9823	786.3153
780.0963	786.3000
780.2394	786.5174
781.0739	787.1663
781.1480	787.2325
781.5093	787.4624
782.8636	788.3118
783.7895	788.7825
783.8137	788.6947
785.9977	790.2935
786.1484	790.1586
786.4782	790.4269
788.7121	791.4319
788.7535	791.5893
789.3488	791.5649
791.1799	792.8057
791.8126	793.6411
793.7965	795.6920
794.6887	796.6740
794.7639	796.5252
795.7704	797.5506
796.5043	798.8144
796.5054	798.7598
796.9424	799.1086
797.5712	799.8799
797.7411	799.8150
798.2039	799.9595
799.2543	801.1390
803.3306	805.0750
803.6457	805.4775
803.8079	806.0004
803.8091	805.8080
806.6542	808.9182
806.9887	809.2133
807.2001	809.5492
807.5216	809.9274
807.5322	809.8907
807.9767	810.1271
808.4680	810.2736
808.5381	810.3126
809.1076	810.9451
809.2465	811.1545
809.8366	811.3699
811.4686	813.3973
811.7187	813.6184
811.9761	813.9919
812.2001	814.2549
812.4421	814.6429
812.5849	814.5148
813.3511	814.9917
813.7449	815.4303
814.3319	815.9244
815.3337	817.4664
815.5602	817.3593
818.3663	820.0112
820.3506	822.1334
820.9875	822.5585
821.4555	823.4057
821.5457	823.7642
822.0782	823.8464
822.9055	824.9622
823.1099	825.0255
823.2476	825.2393
823.9028	825.5158
824.4616	826.0549
825.6205	827.1689
825.9046	827.5691
827.0493	828.6979
827.5203	829.2991
827.6783	829.3820
828.9098	830.6312
829.1683	830.8472
829.2953	831.1729
830.9478	832.5588
832.0969	833.6115
832.6159	834.4311
833.2140	834.9806
833.4832	836.0666
833.6135	836.1639
833.6380	836.1783
833.7872	836.4055
834.0017	836.5890
834.7488	837.3419
835.1212	837.7434
835.5076	838.0823
835.6487	838.1500
836.0990	838.1628
836.7326	838.5021
838.1699	839.7657
839.0240	841.4449
839.0327	841.3694
840.5796	842.2065
841.1968	843.3421
841.6862	843.7901
842.4713	844.4919
842.7495	844.8990
842.8955	845.0464
843.8825	846.4881
844.0591	846.9710
845.4854	848.3067
846.0215	848.2628
846.9882	848.7871
847.4876	849.2865
848.8802	851.0104
848.9077	851.0280
849.1351	851.1486
850.6047	852.3190
851.6516	853.5974
851.9130	853.8753
852.4477	854.1961
853.1700	854.8032
853.5732	855.0740
854.4822	856.2662
855.1198	857.3498
855.3369	857.5536
855.4696	857.4672
856.9513	858.5115
857.6799	859.2898
858.1422	859.9279
859.0852	860.7124
860.1761	861.9950
860.8134	862.2199
863.1065	864.6650
863.2325	864.9641
865.1684	866.8878
866.3416	868.0975
866.6308	868.2385
867.2215	868.7351
867.8231	869.7268
868.9103	870.7465
869.1089	870.9943
870.4122	872.6866
870.4294	872.6293
870.9542	873.1834
871.1237	873.2792
871.8352	873.4789
873.2107	874.7995
873.5146	875.9272
873.6261	876.0142
874.1006	876.7802
874.8838	877.6364
875.5581	878.2153
875.5878	878.0609
875.9365	878.2028
876.8324	878.6140
877.0730	879.0466
877.2520	879.1201
878.7277	880.2004
878.9647	880.7682
879.5899	881.5493
879.7941	881.6533
882.4719	883.9289
882.7592	884.5239
883.1357	885.0141
883.1420	885.2262
883.2761	885.2616
883.2929	885.3902
884.6045	886.4589
884.7366	887.3672
884.7396	887.3993
884.9468	887.4075
886.0973	887.8667
886.1261	887.8275
886.5120	888.0764
887.0531	888.7268
887.5440	889.1654
887.8650	889.6491
888.4284	890.5849
890.1114	891.5487
892.1406	893.6110
892.6650	894.4392
892.8815	895.5976
892.8959	895.5914
893.1267	896.2153
893.7560	897.3497
893.7595	897.3380
893.7818	897.3532
894.2738	897.6731
894.6196	897.6183
895.3507	897.9784
895.8920	898.2081
896.3592	898.0851
896.8875	898.7909
898.0443	899.6251
898.1658	899.9479
898.3200	900.2230
898.6286	900.8239
899.4268	901.2180
903.0404	904.8073
904.4185	906.1045
905.7354	907.6959
906.9905	908.7316
907.3910	909.1107
907.7265	909.3120
908.3143	910.0431
908.6958	910.2790
909.0513	910.8038
909.3236	911.2203
910.3868	911.9794
913.6529	915.3583
914.1303	915.6727
914.8941	916.7721
915.5531	917.5073
917.0580	918.7068
917.7424	919.9368
918.3526	921.0936
919.4278	921.5323
919.5223	921.6883
919.9966	921.9927
921.0150	922.5495
921.5513	923.2562
921.8978	923.9510
923.8902	925.7472
924.4429	926.6590
925.0250	927.0237
925.4385	927.3561
926.7985	928.2798
927.3878	928.9750
927.4939	929.3578
929.2290	930.7884
929.9409	931.5980
931.2661	933.2081
932.2117	933.9010
934.6990	936.6431
934.7533	936.8060
935.0490	937.3426
935.0703	937.2844
936.5598	938.5424
939.1963	940.7483
939.8586	942.1598
940.0573	942.7761
941.0092	943.5879
941.4820	943.7294
941.7185	943.8610
942.0211	944.1753
943.3923	944.9324
943.8425	946.1084
944.0223	946.3829
944.2907	946.6779
944.7493	947.5685
945.5656	948.2241
945.6189	948.3689
945.7445	948.6111
946.5105	948.8595
946.6460	948.9738
947.4711	949.2169
948.9056	950.5729
949.4914	950.9859
949.6834	951.2614
950.0821	951.5829
950.2645	951.7041
951.4622	953.2462
951.9285	953.6891
953.0358	954.4621
953.2299	954.8715
954.8018	956.8225
955.4142	957.5232
955.6427	957.8026
956.1154	958.5670
956.2016	958.6335
956.3085	958.8032
956.9631	959.3637
957.2986	959.3541
958.3212	960.4951
958.6296	960.5175
959.3195	961.1730
959.9211	961.5659
961.3038	962.9357
962.9069	964.9856
962.9737	965.1257
964.9579	966.5622
965.2290	967.0699
966.3305	968.0516
966.9676	969.8657
966.9932	970.0733
967.1850	970.4478
968.8187	971.8074
969.1235	971.9696
970.6813	972.6467
971.3592	972.9041
971.6341	973.4128
972.7773	974.2391
975.0864	977.1588
975.9201	977.9295
978.2971	979.9172
978.4899	980.2410
978.6105	980.5486
978.9232	980.8792
980.0324	981.4684
980.2268	981.9361
980.3549	982.3587
980.3939	982.3365
980.5451	982.4949
981.3049	983.0830
982.2151	983.8371
982.3027	984.1948
982.5311	984.1572
982.8422	984.8337
983.0322	985.2205
983.1961	985.4840
983.5536	985.8108
983.5957	985.7127
984.7776	986.4271
985.1927	987.0114
986.3533	988.1283
987.5703	989.2726
988.9876	991.4434
989.0133	991.5435
989.1267	991.7456
989.7344	992.1634
990.0255	992.2379
990.2881	992.4614
990.6652	992.7141
992.1513	993.9730
992.2161	993.9921
992.3717	994.3742
992.5302	994.4740
993.3133	995.9313
993.3622	995.9052
993.4121	995.8720
994.1413	996.7811
994.4167	997.2045
994.5540	997.5144
994.7506	997.8799
995.0031	998.1458
997.4287	999.2356
