0.5349	3.1639
0.7586	3.3995
1.0956	3.8144
1.4636	4.2721
1.7569	4.5602
2.8502	4.7251
3.1220	4.9092
4.3039	6.1869
4.3220	6.1284
4.4175	6.2423
5.3103	6.9351
5.3766	7.1944
7.4967	9.1091
8.1823	11.3464
8.4259	11.9711
8.5981	12.1490
8.7569	12.4043
8.9403	12.6204
9.4702	13.1774
9.7068	13.3615
9.8974	13.2930
10.5296	13.8934
10.6840	13.8289
11.1185	14.1732
11.5529	14.4678
13.4751	15.1349
14.7440	16.4112
14.9139	16.6106
15.8517	17.5680
16.4093	18.0595
16.5776	18.3141
16.7777	18.3920
18.4949	20.1522
20.0608	21.5905
21.4615	24.2806
21.4650	24.3935
21.4696	24.3269
21.4747	24.2174
21.5241	24.3734
21.8678	24.8054
22.7009	25.1124
24.1607	25.7244
24.5089	26.0033
24.9782	27.8437
25.3867	28.2424
26.2350	28.7139
26.4731	28.7455
26.6633	28.9628
29.9460	31.5415
30.1851	31.8589
30.5251	32.6458
30.7400	32.9402
30.9843	33.4325
31.3347	33.4672
32.1330	34.1767
32.1984	34.2627
33.1060	34.5566
33.6250	35.5313
37.6553	39.8248
37.6887	40.1629
37.7123	40.1333
37.7377	40.2104
38.6883	41.3264
38.6909	41.4820
38.7954	41.3661
38.8199	41.4862
39.1837	41.6336
41.1811	42.8575
41.5200	43.2658
41.6379	43.5952
41.9578	44.2083
43.2593	44.9774
46.0148	47.5693
46.5505	48.3004
49.7427	51.7026
51.3075	52.8912
52.4389	54.1530
52.5668	54.2636
52.8244	54.4017
54.3019	55.7981
55.4982	57.1498
56.8111	58.9785
56.8519	58.9847
57.2354	59.7964
57.6892	60.8133
59.0400	61.1585
59.7948	61.4154
60.8052	62.3170
62.0275	63.6079
62.3147	64.0735
62.8544	64.6571
62.9064	64.8213
63.0813	65.1242
64.6175	66.2664
65.1117	66.8421
67.3357	69.4864
68.4491	70.5380
68.5876	70.6279
69.5407	71.6040
69.6304	71.9276
70.2088	72.8552
70.4890	73.1044
70.5507	73.0637
71.1214	73.4308
71.4888	73.8335
72.4758	74.1716
73.5273	75.5681
73.7231	75.7918
74.9679	76.5920
76.3128	78.3204
76.4173	78.4087
78.5524	79.9865
79.6741	81.5997
79.7679	81.8897
82.0223	83.9305
82.5382	84.5549
84.3383	85.9872
84.6430	86.2891
85.8792	87.5347
85.9482	87.6243
86.2912	87.8734
86.6391	88.2700
86.9791	89.0070
87.9838	89.5802
89.9095	92.2204
90.4624	92.9719
90.7097	93.4155
91.2285	93.9619
91.3487	94.0070
91.4767	93.9640
92.9566	94.6270
93.7663	95.2079
94.3357	96.4460
94.5520	96.3729
96.7889	98.4668
96.9806	99.1336
97.0990	99.3006
97.3280	99.5306
97.5454	99.7990
97.8888	99.8564
99.1074	101.0168
99.2163	101.2126
99.3052	101.4487
99.8808	101.9226
101.4444	103.2702
102.5922	104.2440
102.7432	104.6623
103.2137	104.7229
103.8307	105.5333
103.8905	105.7127
105.4434	107.9887
105.5681	108.2811
105.8992	108.4908
108.3548	110.1618
109.0772	111.3022
109.2941	111.7370
110.4287	112.2482
110.7653	112.6038
111.9380	113.5057
113.0794	114.9755
113.5518	115.7651
113.8226	115.9620
114.7676	116.7278
114.7756	116.7362
115.0829	117.3704
115.4780	117.9044
115.9096	118.2988
116.1680	118.3109
116.5142	118.7435
116.8617	118.9915
117.3436	119.1131
118.3279	120.2464
118.3856	120.4005
118.8605	120.3700
119.4298	120.9113
120.0366	121.6895
120.6187	122.1494
120.8746	122.4475
121.8115	124.0361
121.9179	124.1145
122.5151	124.7324
123.4986	125.1320
124.4542	126.2094
125.1197	127.0178
125.6633	127.1444
126.2032	127.8345
127.3085	128.9612
128.8915	130.4256
129.2096	131.0237
129.2110	131.0658
130.0050	131.8763
130.0191	131.9331
130.0871	131.9199
131.6838	133.4809
133.6804	135.3981
134.3737	136.4007
135.1419	136.7645
135.8873	137.4562
136.1955	138.4083
136.2966	138.7454
137.1745	139.0308
137.2420	139.0109
138.1260	139.6713
138.7686	140.2260
139.2203	141.0180
139.2904	141.2478
141.4687	143.0117
142.0748	143.7404
142.2389	143.9673
142.4872	144.3546
143.1424	144.6273
143.4404	145.3444
144.1754	146.0635
144.4777	146.8636
144.7324	147.3652
145.1322	147.9421
146.4253	149.2245
146.5517	149.4027
147.4468	149.7353
149.9334	151.8420
149.9622	151.9977
150.4944	152.3751
151.8443	153.5640
154.3206	157.1178
154.7122	157.3259
156.0714	157.5598
156.6732	158.2780
156.7225	158.3048
157.1454	158.7450
160.3882	162.0370
160.7088	162.1735
161.0909	162.8338
161.3583	163.1951
161.5852	163.3243
162.3135	164.2689
162.5679	164.7254
162.6327	164.9118
162.7551	164.8939
163.3459	165.5091
164.7077	167.9047
164.7533	167.9422
165.1591	168.0415
168.9494	170.5924
169.3158	171.2884
169.4229	171.9268
169.4925	172.0522
169.6746	172.3905
169.8692	172.7001
169.9134	172.6666
170.3176	173.0686
170.6953	173.1110
172.1401	173.8514
172.2815	173.9203
172.9876	174.5180
173.5101	175.0359
174.4596	176.2646
174.6871	177.2723
175.6526	178.9865
175.8959	179.1517
176.0214	179.1974
177.5761	179.4215
178.2694	180.5572
178.6179	180.7694
178.7683	181.1356
179.3571	181.5201
181.9311	183.6121
183.2542	184.8506
183.6470	185.4604
184.1532	185.9340
184.6788	186.4502
185.2827	187.0683
186.6230	188.1973
188.0697	190.4787
188.2281	190.4974
188.2760	190.6713
189.4716	191.1571
189.6299	191.5346
189.9569	191.9352
189.9675	191.9258
190.2101	192.0094
191.1433	192.8331
191.1445	192.9252
191.6505	193.3154
192.9780	194.9261
193.0457	195.2630
193.2920	196.1555
193.4171	196.4388
193.5729	196.3307
193.6184	196.5832
193.8920	196.5832
193.9552	196.7368
195.2186	197.1824
195.8046	197.3635
196.1192	198.4951
196.4666	198.5838
198.8270	200.4060
199.2359	200.9522
200.4391	202.5458
200.5258	202.5934
200.8889	203.2367
201.3046	203.6735
201.4021	203.9738
201.5612	204.2421
202.3439	204.7772
203.8544	205.4162
205.5978	207.2309
205.8686	207.6196
206.2698	207.8223
206.6892	208.4073
207.4918	209.1072
208.9986	210.9039
209.1352	211.0294
210.0499	211.6925
211.1546	213.4626
211.1682	213.4845
211.5414	213.5100
212.3633	213.8747
212.8564	214.7970
213.0524	215.1237
215.4681	217.4356
216.0709	218.7345
216.0710	218.5789
216.1436	218.6876
216.1834	218.9292
216.9405	219.3679
217.2623	219.6131
219.3365	221.0718
219.8919	221.4532
220.4451	222.3074
220.5145	222.4663
220.5267	222.6295
220.8982	223.0274
222.7648	225.3463
223.8674	225.4004
225.1855	226.7049
225.6304	227.6718
226.0067	227.7354
228.4791	230.0373
230.8106	232.5890
231.0466	233.8506
231.1044	233.8601
231.2460	233.9975
231.5395	234.4545
232.3092	234.8774
233.5388	235.1834
234.5561	236.0940
234.9444	236.8334
235.0011	237.0269
235.8213	237.8267
237.3966	239.0651
238.1052	239.5088
239.9004	241.9267
241.0948	242.8260
241.2861	243.1431
241.8366	243.5846
242.0627	244.3732
242.1755	244.2909
243.2907	244.9482
243.3550	244.9187
245.1343	246.5584
245.5171	247.1360
245.6447	247.4253
245.9428	247.6123
247.5379	249.5880
247.9142	249.7275
249.8843	252.4248
249.8957	252.5283
250.0321	252.8436
250.8164	253.4290
252.0466	253.5627
252.6387	254.4957
252.6834	254.4381
255.3028	257.4746
256.5927	258.0886
257.7618	261.1640
257.8980	261.1726
257.9551	261.3665
258.9966	261.6470
259.1570	261.6464
259.9262	261.8345
261.6915	263.8990
263.9678	265.6004
264.3323	266.0246
264.5612	266.4292
265.0098	267.0557
267.4898	268.9565
268.5476	270.0861
268.7540	271.4179
269.5564	272.3078
269.6169	272.4484
270.0277	272.8576
270.2451	273.1385
271.8175	273.5403
272.6541	274.2695
273.0523	274.6178
273.4240	275.0891
273.9591	275.5127
274.2673	276.0107
274.3906	275.9131
274.6951	276.4118
275.8412	277.4153
276.3844	278.5384
276.4144	278.4542
276.6276	278.7670
276.8809	279.3834
277.5185	279.9522
277.8473	280.1587
279.5644	281.3000
279.6556	281.3524
279.9530	281.9095
280.1818	282.1008
281.5087	283.2468
281.8090	283.3983
282.1331	283.9604
282.1686	283.7934
283.6935	285.2564
283.9849	285.7699
284.1749	286.1994
284.6560	286.5794
285.7818	287.5150
285.8707	287.4468
286.4651	288.2587
287.9769	289.6433
287.9991	289.9072
288.5171	290.1149
290.7127	292.4413
293.7621	295.4316
293.9283	295.6314
295.5206	297.2549
296.7182	298.3946
296.8895	299.6377
297.2603	299.8626
297.6780	299.9962
298.4754	300.0991
299.1369	300.8383
301.2098	302.8243
301.2620	303.0483
301.9071	303.3331
302.6524	304.2925
303.6387	305.2994
304.6226	306.1079
305.3770	306.8616
305.8489	307.3021
306.4026	308.2460
306.6136	308.8931
306.6479	309.0062
307.0434	309.2331
307.4762	309.0981
308.3653	309.9899
309.6858	311.5395
311.6814	313.0932
313.4022	315.4862
313.7014	316.1501
313.7303	316.3847
314.5933	317.3850
314.7244	317.6532
315.1090	317.8805
315.6189	318.0109
316.9369	318.5757
318.3829	319.9809
319.3994	320.9648
324.2027	326.4375
324.2047	326.4962
324.3352	327.0058
324.8558	327.4645
325.0436	327.8340
325.1972	327.8959
325.7255	327.8551
326.2208	328.1867
327.8175	329.3286
327.9878	329.5291
328.2909	330.2745
328.6215	330.6350
328.6725	330.7886
329.0758	331.1675
329.6863	331.3677
331.0969	332.7148
331.5441	333.1928
331.8706	333.5292
332.1706	333.8966
332.2915	334.2182
332.7815	334.7851
332.8629	335.0246
334.6255	336.0801
335.1037	336.8176
335.3397	337.1812
337.3917	339.0424
340.8243	342.5208
340.9106	342.4565
341.4606	343.0296
341.7863	343.4605
342.0529	343.8030
342.4292	345.0848
342.4879	345.2845
343.0758	345.7750
343.7354	345.9617
344.2329	346.1017
345.1140	346.7776
346.8943	348.6269
347.9500	349.6590
348.8850	350.4426
350.2135	352.1298
350.2384	352.0833
351.1947	353.2410
352.5285	354.1865
354.2174	356.4707
354.2267	356.5348
354.4962	356.8644
354.5691	357.0536
355.3303	357.2605
355.4883	357.2822
356.4287	358.0578
356.8372	358.8255
356.8526	358.9693
357.2015	359.2384
357.3054	359.3212
358.0650	359.7189
359.7177	361.3172
360.4229	362.1263
360.6569	362.5325
361.1975	363.1683
361.6001	363.6734
362.5400	364.1938
364.2400	366.0808
364.3022	366.2376
365.0979	366.7339
365.2251	367.2333
365.5075	367.5286
366.0166	367.9217
366.3500	367.9376
366.9828	368.9306
367.9512	369.8019
368.6979	371.5872
368.7767	372.2738
368.7838	372.3541
369.1451	373.7643
369.1644	373.9104
369.2086	374.0428
369.4578	374.6835
369.5773	375.0257
370.6781	376.2394
370.8425	376.4121
370.9532	376.4704
371.2389	376.7510
371.6096	376.9008
371.7402	376.8464
371.8616	377.0413
373.5356	377.7254
374.4593	378.2852
374.9612	378.5703
375.2268	378.7349
375.2910	378.9231
377.0369	380.0461
377.1561	380.1141
377.7463	380.5266
378.1496	380.8218
378.8800	380.7741
379.5937	381.5166
379.6827	381.7102
380.0742	382.4920
380.4376	383.2891
381.0681	384.7888
381.1658	385.3068
381.1667	385.1989
381.6247	386.3923
382.0356	387.0185
382.2688	387.5839
382.3713	387.7093
382.6163	388.1832
382.6276	388.1759
382.7106	388.3094
382.9758	388.5387
383.4938	389.1383
384.0047	389.8986
384.1359	389.9539
384.5023	390.5047
384.6368	390.6211
384.8975	390.6493
386.2630	391.5842
386.4117	391.8350
386.7319	391.9161
387.0379	392.2333
387.2401	392.3304
389.1095	392.7061
389.1582	392.9568
389.6953	393.0225
390.1165	393.1236
392.1954	393.9299
393.9541	395.8218
394.5020	396.6158
394.8123	397.1990
394.8209	397.1483
395.0077	397.3508
395.9620	397.7652
396.0262	397.8933
396.5632	398.5689
397.8429	399.2572
398.6714	400.6013
398.8003	400.8415
400.0786	401.9302
401.0442	402.6068
401.7454	403.3486
403.7431	405.5035
404.2912	406.1627
404.7383	406.2178
405.7913	407.5303
406.6310	408.3681
408.3714	410.3826
408.9620	411.1359
409.3049	411.7354
409.6444	412.3092
409.7056	412.3804
410.2231	413.0131
411.1828	413.3060
413.1470	414.6424
413.6138	415.0891
415.9294	418.1702
416.0354	418.5551
416.1391	418.5714
416.4307	418.7707
416.8429	419.4420
417.3544	420.2910
418.0338	421.6423
418.0588	421.6779
418.0857	421.8309
418.3754	422.0876
419.3563	422.9025
419.6958	423.4271
420.6836	424.5405
420.7196	424.7203
421.2934	425.4214
421.2980	425.4047
421.2992	425.3149
421.3100	425.3630
421.4247	425.4896
421.8792	425.9163
421.9702	425.8663
422.3292	426.3612
424.7037	428.3349
425.2087	429.1016
426.3289	429.9711
426.6089	430.3044
426.6992	430.4017
427.8317	431.5394
428.1631	431.7520
428.2695	431.8741
429.3490	432.2777
429.9637	432.5341
431.5681	433.5464
431.5842	433.6442
432.2838	433.8181
432.4993	434.0021
432.9136	434.4382
433.8581	435.9549
434.7976	437.8621
436.2648	438.9839
436.4057	438.9897
436.5906	439.3149
437.2834	440.3228
437.4075	440.5073
437.8543	441.1069
438.1587	441.3114
440.1524	442.3536
440.3679	442.4021
441.6992	443.3092
443.0780	444.8728
443.6040	445.4914
443.7456	445.6038
444.8021	446.9977
445.2626	447.1415
445.5354	447.4070
446.7419	449.0722
447.6687	450.5736
447.7071	450.6541
448.4802	451.7078
449.0930	452.7858
449.1695	452.9374
449.4035	453.4652
449.4592	453.4355
450.1929	454.5857
450.4349	454.9554
451.4841	455.8129
451.6043	455.9698
451.7618	456.1922
452.3717	456.4701
452.6226	456.5077
452.6460	456.6337
454.3686	456.8641
454.7179	457.0138
455.4520	457.7016
455.6427	457.9963
456.2140	458.0386
456.8397	458.6411
457.0716	459.1368
458.0238	459.9290
458.0258	459.7467
460.3950	462.0031
463.8941	465.4311
464.2465	466.6461
464.3793	467.1676
464.4355	467.1528
464.8346	467.2313
466.6941	468.4726
466.7760	468.4002
468.4643	470.0556
468.9913	470.6392
471.2006	473.0037
471.8680	473.3865
472.3580	474.4442
472.4773	474.6691
473.9770	475.6530
474.4124	476.0142
475.9581	477.6232
476.3192	478.0470
477.3663	478.7889
477.6352	479.2712
477.8881	479.4269
478.4233	480.2709
480.1198	482.3468
480.2135	482.3983
480.4480	482.5649
480.7909	483.0036
481.0746	483.4392
481.1005	483.4310
482.8858	486.0071
483.3996	486.2776
484.1836	486.8191
484.2781	486.6814
484.7369	487.0895
484.9850	487.5041
485.5014	487.6946
486.1361	488.1778
486.1519	488.1708
487.1295	488.9182
487.7893	489.8973
487.8499	490.0029
488.0640	490.3465
489.7012	491.4057
489.7840	491.6494
490.2557	491.8711
490.8489	493.0807
491.4154	493.4669
492.5646	494.2420
493.1115	494.5847
494.0822	495.8719
494.6598	496.4705
495.3564	497.4156
496.3463	498.0049
497.8068	499.4512
497.9276	499.6193
498.5848	500.2558
498.7693	500.6308
499.0545	501.2517
499.1237	501.4793
499.2063	501.4816
499.3721	501.6576
501.2699	502.7962
501.6055	503.2368
502.0572	503.8131
502.6623	504.8786
502.9804	505.4616
503.2303	506.4208
503.2378	506.5482
503.3715	506.8646
503.6747	507.5686
503.8419	507.7031
504.0305	508.0335
504.3104	508.1872
504.4040	508.3574
504.4488	508.4752
504.6514	508.7219
505.2692	509.2242
505.4727	509.2904
506.2855	509.7523
506.5894	510.1295
508.0901	510.6228
508.5041	510.9322
508.5903	510.8778
509.7687	511.9496
511.3077	513.4373
511.3415	513.7660
512.0638	514.7474
512.7253	514.9599
515.6852	517.8971
515.7271	518.1321
517.8422	519.3477
518.5097	520.3030
519.7095	521.4881
520.9569	522.5485
521.8469	523.5930
522.8195	524.3947
523.1566	524.6897
523.4200	524.8493
523.8579	525.6784
523.8877	525.7424
524.1273	526.5663
524.3418	526.9354
524.3423	526.9429
524.6040	527.3110
524.7223	527.4258
524.7622	527.5641
525.0570	527.5731
527.3063	529.1262
527.4029	529.3417
528.4651	530.1534
529.0059	530.5453
529.9829	531.9029
530.1786	532.0832
532.5513	534.1800
533.2605	534.9521
533.7449	535.2345
534.0413	536.1469
534.9217	536.4225
535.5728	537.0724
535.9374	537.6187
536.2925	538.1328
537.5797	539.8675
537.7701	540.1157
537.8587	540.0571
538.3023	540.4313
538.8725	540.7121
539.4187	541.1554
539.6069	541.2967
540.2181	542.3079
540.5752	542.7085
540.7908	542.8225
541.3883	543.3906
541.4102	543.4312
541.8430	543.7604
542.0104	543.8282
543.3636	544.8165
543.5725	545.1869
543.8310	545.4207
544.7096	546.4176
546.9680	548.4557
548.6894	550.1095
549.6524	551.2075
549.8339	551.3793
550.0919	552.3833
550.1772	552.5465
550.2001	552.5409
550.3335	552.8222
550.8220	552.7832
551.9380	554.0016
552.2716	554.2729
553.0215	554.8216
554.5145	557.3574
554.5975	557.6589
554.9441	558.3624
555.0178	558.3151
555.1610	558.4313
555.8527	558.9210
556.1640	559.1333
556.1769	559.1290
557.8684	559.3628
558.2723	560.2301
558.4322	560.7196
558.4500	560.6556
559.1882	561.9067
559.2431	562.0443
559.5972	562.5836
560.9041	563.0145
562.1927	564.6455
562.1944	564.6107
562.2883	565.1309
562.9012	565.8474
563.3382	566.0042
564.6503	566.6539
564.8252	566.7506
565.6245	567.1813
566.2653	568.0979
566.4496	568.1718
567.6252	569.3560
567.7692	569.7434
567.8928	569.7525
569.7433	571.4803
571.3967	573.4769
571.4139	573.5008
571.4257	573.4165
572.3972	573.9483
573.3436	574.8502
573.7670	575.5977
574.4068	575.8823
574.6100	576.3849
576.4688	577.9234
577.5997	579.5633
579.6356	581.2043
579.6947	581.3002
582.4350	584.0555
583.4070	585.2382
583.4267	585.1835
583.9090	585.3717
585.3118	586.9540
585.9521	587.5150
586.1627	587.9247
586.5546	588.6839
586.6016	588.7043
587.4760	589.4310
587.5089	589.7238
587.8921	590.6712
588.3452	590.9321
589.1611	591.5444
589.5028	591.5117
589.5668	591.7619
590.7401	592.2591
591.0155	592.6317
592.1339	593.7563
593.6046	595.4878
596.6344	598.2879
597.1902	599.2188
597.8660	600.7450
598.0373	601.0053
599.1526	602.5969
599.9055	603.4189
599.9634	603.3913
600.1896	603.6321
600.4332	603.9734
601.1446	604.7154
601.8467	605.4053
602.6757	606.0407
602.7199	606.0761
603.0311	606.3008
603.1493	606.3001
603.2698	606.3207
606.1175	607.7530
606.8123	608.2972
607.7199	609.2060
609.1608	610.7651
610.8648	612.8284
611.2608	613.4580
611.3701	613.5157
612.2055	613.8452
612.6462	614.5424
612.8324	614.6470
614.5629	616.2114
614.8623	616.3231
615.0827	616.5661
615.3115	617.0178
616.0362	617.9987
616.0952	617.9916
616.8522	618.8560
617.5310	619.2562
617.5379	619.3071
618.0625	619.6045
618.1695	620.0468
619.4159	621.9892
621.1588	623.9617
621.3601	624.1979
621.9573	624.6919
622.4851	625.1143
622.8470	625.2827
622.9922	625.1727
623.9490	625.5771
624.4429	626.2603
625.7459	628.3703
625.9215	628.7927
626.0574	629.1695
626.1385	629.2807
626.2386	629.4282
626.5866	629.5534
627.1624	629.9225
627.2882	630.0301
628.3987	631.2481
628.6356	631.2803
629.0177	631.7093
629.2826	632.0018
629.6350	632.0855
629.6553	632.1187
629.8780	632.4260
630.4547	632.3880
630.8176	632.7733
632.2892	633.8712
632.5940	634.5786
632.6757	634.5803
632.9680	635.0761
634.8332	636.4581
635.0363	636.5620
635.2767	637.0324
635.8665	637.7153
635.8986	637.9844
636.1052	638.4631
637.0317	640.1661
637.0618	640.3184
637.1443	640.1663
639.0240	642.1720
639.1683	642.3661
639.7850	642.7971
640.9407	643.5706
641.5030	644.0684
641.5804	644.0616
642.2930	644.6172
642.4434	644.5364
643.0208	644.8930
643.1711	644.8872
643.6953	646.3289
643.7359	646.3384
644.1282	646.7368
644.2236	646.9274
644.9380	646.9990
645.8504	647.4971
646.4185	648.1824
647.3399	649.0881
647.8987	649.5260
648.0388	649.8676
648.2945	650.3287
648.6856	650.3995
649.8823	652.1126
650.5491	652.4528
651.6326	653.6258
652.4126	654.0321
652.5971	654.1265
652.8217	654.6144
654.1245	656.1060
655.4953	656.9989
656.0154	657.5508
657.5566	659.3032
659.4642	661.0432
660.4179	662.5460
660.5740	662.7481
660.5851	662.7493
662.0515	663.5993
662.9503	664.4656
665.6193	667.3701
665.7699	667.6857
665.9956	667.5802
668.1575	669.7457
670.2385	671.7465
670.5392	672.3720
672.8412	675.0658
672.8599	675.0928
673.1630	675.7252
673.1934	675.6698
673.6847	676.4488
673.8153	676.8336
673.8229	676.8176
674.8538	677.0934
676.5994	678.1411
679.8577	681.3573
680.5031	682.1772
680.6486	682.3009
681.1171	682.8727
681.3714	683.5138
681.7284	683.7305
681.8303	683.9043
682.3169	684.7640
682.5415	685.0453
682.6201	685.1275
682.9618	685.5943
683.4282	686.0344
683.6708	686.1475
683.8288	686.4480
684.1000	686.4505
685.9698	687.7636
686.7116	688.4485
687.1753	689.2942
687.5507	689.3727
687.5582	689.4065
688.5922	690.0140
689.3580	691.8054
689.5065	692.0103
690.6572	692.1548
690.9094	692.6492
691.1799	693.5322
691.6231	693.7909
692.2624	694.8599
692.3841	694.9251
692.7764	695.1900
693.6752	695.9790
693.7733	696.2837
693.7901	696.2252
693.8460	696.2644
695.8208	697.4545
696.2707	697.9094
697.5273	698.9482
697.9706	699.7492
698.7553	700.3433
699.8922	702.2280
700.4719	702.7172
700.6345	703.0084
700.8151	703.0881
701.9947	703.5341
702.4418	704.9968
702.4458	704.8648
702.4603	705.0513
702.5698	704.8862
703.6662	705.3931
703.7112	705.4608
704.2633	705.7057
705.1389	707.2235
705.2325	707.7854
705.2431	707.6144
707.2527	708.8864
707.6714	709.4051
707.8628	709.9862
708.0493	710.2470
708.0940	710.0975
708.5000	710.6930
708.5927	710.8256
709.3676	711.1535
709.6332	711.3279
710.3264	711.8361
710.7201	712.3007
711.0112	712.9534
711.0926	713.1428
711.4257	713.3899
713.2801	714.8322
713.7794	716.1920
713.8304	716.3851
713.8957	716.5066
715.6838	717.4317
716.3559	718.9721
716.8066	719.1732
717.1653	719.4606
717.9834	720.7468
718.2053	721.3818
718.5098	721.9456
718.6174	721.9939
718.6762	722.1803
718.7586	722.2618
719.7500	722.7439
720.1545	723.1140
720.6316	723.2951
720.9443	723.3494
721.5506	723.7972
721.8872	724.1620
722.6609	724.8463
723.0270	725.1622
725.0476	727.0227
725.2035	727.2723
725.4974	727.6903
726.8377	728.3610
726.9440	728.9663
727.3909	729.6441
729.0020	730.9872
730.1439	731.8244
730.4836	732.8784
730.7705	733.9181
730.7776	733.7424
730.8020	733.9682
731.0988	734.0144
731.7936	734.4648
732.6918	734.9560
733.5120	735.4229
733.8410	735.6425
734.9111	737.1705
734.9763	737.2686
735.1122	737.7080
735.1570	737.6369
735.4581	737.9939
735.9487	738.4638
737.0827	739.1690
737.8341	739.3976
738.5633	739.9998
739.8563	741.6206
740.5928	742.5214
740.6651	742.5530
740.8983	742.8882
741.6704	743.0706
741.8872	743.4138
743.0219	744.6741
744.3313	746.4690
744.3649	746.4643
744.4380	746.5241
746.1281	747.9163
746.6796	749.0173
747.9432	749.7058
748.4255	750.1142
749.1743	750.8082
750.2635	751.9425
750.8285	752.7318
750.8323	752.6484
751.1446	752.7336
751.6340	753.2396
754.1258	757.3731
754.7382	757.7667
756.1101	758.3192
756.2096	758.3294
756.5732	758.3647
757.2613	758.8893
757.4962	759.1433
757.5716	759.2263
758.3993	759.9957
759.1490	760.6845
759.6572	761.8843
759.7033	761.8693
760.3180	762.8625
760.3798	762.7971
760.5251	762.9775
763.1878	764.6990
764.2194	765.8427
764.8198	766.3921
765.3757	767.7932
765.6774	768.4277
766.3067	768.8522
767.9119	769.6246
768.0558	769.7889
768.3224	770.9684
768.4777	771.5438
768.5942	771.8513
768.9985	772.4361
769.2362	772.7761
769.5903	773.3607
769.5917	773.1729
770.6919	774.4114
770.8343	774.7209
771.8589	776.3223
771.9445	776.3353
772.3460	777.5749
772.3661	777.5741
772.6947	778.1895
772.7995	778.3281
772.8075	778.2404
772.9851	778.4525
773.5298	779.2383
773.9369	779.8549
774.6288	780.3875
775.2144	781.0301
775.6682	781.5225
775.8474	781.6123
775.9960	781.6818
776.9165	782.6385
777.0890	782.8679
777.4218	783.4180
777.6249	783.4646
777.8692	783.8995
778.0523	784.1411
778.5137	784.6239
778.5178	784.4371
778.5762	784.6284
779.5601	785.6631
779.9823	786.2825
780.0963	786.2687
780.2394	786.5145
781.0739	787.1250
781.1480	787.2079
781.5093	787.4100
782.8636	788.2673
783.7895	788.7662
783.8137	788.6745
785.9977	790.2551
786.1484	790.1003
786.4782	790.3788
788.7121	791.4088
788.7535	791.5069
789.3488	791.4908
791.1799	792.7638
791.8126	793.5983
793.7965	795.6725
794.6887	796.6707
794.7639	796.4976
795.7704	797.5432
796.5043	798.8000
796.5054	798.7432
796.9424	799.0889
797.5712	799.8599
797.7411	799.7711
798.2039	799.9400
799.2543	801.0889
803.3306	805.0166
803.6457	805.4285
803.8079	805.9586
803.8091	805.7799
806.6542	808.8715
806.9887	809.1757
807.2001	809.5434
807.5216	809.8546
807.5322	809.8274
807.9767	810.0845
808.4680	810.2563
808.5381	810.3126
809.1076	810.9348
809.2465	811.1154
809.8366	811.3564
811.4686	813.3546
811.7187	813.6182
811.9761	813.9533
812.2001	814.2238
812.4421	814.5886
812.5849	814.4753
813.3511	814.9492
813.7449	815.4142
814.3319	815.9120
815.3337	817.4114
815.5602	817.3092
818.3663	820.0044
820.3506	822.1094
820.9875	822.5340
821.4555	823.4029
821.5457	823.7551
822.0782	823.8316
822.9055	824.9276
823.1099	825.0219
823.2476	825.2320
823.9028	825.4991
824.4616	826.0384
825.6205	827.1395
825.9046	827.5619
827.0493	828.6453
827.5203	829.2757
827.6783	829.3528
828.9098	830.6180
829.1683	830.8208
829.2953	831.1465
830.9478	832.5493
832.0969	833.5591
832.6159	834.3732
833.2140	834.9464
833.4832	836.0294
833.6135	836.1349
833.6380	836.1253
833.7872	836.3873
834.0017	836.5567
834.7488	837.2974
835.1212	837.7365
835.5076	838.0697
835.6487	838.1047
836.0990	838.1311
836.7326	838.4751
838.1699	839.7275
839.0240	841.4425
839.0327	841.3559
840.5796	842.1786
841.1968	843.3359
841.6862	843.7732
842.4713	844.4426
842.7495	844.8591
842.8955	845.0438
843.8825	846.4335
844.0591	846.9136
845.4854	848.2475
846.0215	848.2568
846.9882	848.7407
847.4876	849.2522
848.8802	851.0098
848.9077	851.0135
849.1351	851.1325
850.6047	852.2912
851.6516	853.5582
851.9130	853.8500
852.4477	854.1625
853.1700	854.7483
853.5732	855.0590
854.4822	856.2450
855.1198	857.3207
855.3369	857.5242
855.4696	857.4491
856.9513	858.4749
857.6799	859.2313
858.1422	859.8975
859.0852	860.6894
860.1761	861.9351
860.8134	862.2148
863.1065	864.6076
863.2325	864.9588
865.1684	866.8667
866.3416	868.0438
866.6308	868.2256
867.2215	868.7149
867.8231	869.6704
868.9103	870.7091
869.1089	870.9515
870.4122	872.6521
870.4294	872.5921
870.9542	873.1271
871.1237	873.2491
871.8352	873.4787
873.2107	874.7417
873.5146	875.8765
873.6261	875.9729
874.1006	876.7414
874.8838	877.6271
875.5581	878.2111
875.5878	878.0595
875.9365	878.1913
876.8324	878.6107
877.0730	878.9931
877.2520	879.1009
878.7277	880.1692
878.9647	880.7667
879.5899	881.5373
879.7941	881.6455
882.4719	883.8876
882.7592	884.4939
883.1357	884.9913
883.1420	885.2058
883.2761	885.2191
883.2929	885.3594
884.6045	886.4523
884.7366	887.3096
884.7396	887.3309
884.9468	887.3674
886.0973	887.8492
886.1261	887.8043
886.5120	888.0695
887.0531	888.7192
887.5440	889.1515
887.8650	889.5978
888.4284	890.5812
890.1114	891.5295
892.1406	893.5783
892.6650	894.4090
892.8815	895.5519
892.8959	895.5805
893.1267	896.1636
893.7560	897.2234
893.7595	897.2109
893.7818	897.2227
894.2738	897.6136
894.6196	897.6154
895.3507	897.9288
895.8920	898.1626
896.3592	898.0481
896.8875	898.7864
898.0443	899.5694
898.1658	899.9284
898.3200	900.1883
898.6286	900.7745
899.4268	901.1829
903.0404	904.7676
904.4185	906.0604
905.7354	907.6927
906.9905	908.6779
907.3910	909.0982
907.7265	909.3059
908.3143	910.0178
908.6958	910.2760
909.0513	910.7457
909.3236	911.1964
910.3868	911.9494
913.6529	915.3151
914.1303	915.6484
914.8941	916.7230
915.5531	917.4578
917.0580	918.6617
917.7424	919.9160
918.3526	921.0370
919.4278	921.4996
919.5223	921.6762
919.9966	921.9614
921.0150	922.5469
921.5513	923.2235
921.8978	923.8975
923.8902	925.7384
924.4429	926.6147
925.0250	926.9792
925.4385	927.3163
926.7985	928.2299
927.3878	928.9596
927.4939	929.3258
929.2290	930.7610
929.9409	931.5582
931.2661	933.1777
932.2117	933.8429
934.6990	936.5926
934.7533	936.7697
935.0490	937.3281
935.0703	937.2399
936.5598	938.4847
939.1963	940.6975
939.8586	942.1062
940.0573	942.7418
941.0092	943.5667
941.4820	943.7081
941.7185	943.8604
942.0211	944.1647
943.3923	944.8844
943.8425	946.0771
944.0223	946.3790
944.2907	946.6308
944.7493	947.5260
945.5656	948.2075
945.6189	948.3622
945.7445	948.5844
946.5105	948.8013
946.6460	948.9683
947.4711	949.1681
948.9056	950.5683
949.4914	950.9522
949.6834	951.2532
950.0821	951.5293
950.2645	951.6854
951.4622	953.2368
951.9285	953.6785
953.0358	954.4566
953.2299	954.8398
954.8018	956.8108
955.4142	957.5025
955.6427	957.7529
956.1154	958.5473
956.2016	958.6108
956.3085	958.7731
956.9631	959.3034
957.2986	959.3366
958.3212	960.4923
958.6296	960.5034
959.3195	961.1545
959.9211	961.5095
961.3038	962.8893
962.9069	964.9643
962.9737	965.1139
964.9579	966.5266
965.2290	967.0662
966.3305	968.0277
966.9676	969.8335
966.9932	970.0318
967.1850	970.3956
968.8187	971.7663
969.1235	971.9348
970.6813	972.6217
971.3592	972.8890
971.6341	973.3822
972.7773	974.2247
975.0864	977.1251
975.9201	977.8861
978.2971	979.9054
978.4899	980.2147
978.6105	980.5357
978.9232	980.8622
980.0324	981.4565
980.2268	981.8995
980.3549	982.3446
980.3939	982.3286
980.5451	982.4836
981.3049	983.0497
982.2151	983.7977
982.3027	984.1580
982.5311	984.0987
982.8422	984.8004
983.0322	985.2074
983.1961	985.4818
983.5536	985.7532
983.5957	985.6732
984.7776	986.4067
985.1927	986.9571
986.3533	988.0991
987.5703	989.2282
988.9876	991.4047
989.0133	991.5205
989.1267	991.7241
989.7344	992.1629
990.0255	992.2191
990.2881	992.4121
990.6652	992.6595
992.1513	993.9382
992.2161	993.9741
992.3717	994.3541
992.5302	994.4519
993.3133	995.9136
993.3622	995.8558
993.4121	995.8575
994.1413	996.7546
994.4167	997.1803
994.5540	997.5065
994.7506	997.8436
995.0031	998.1129
997.4287	999.2066
